497
204
638
92
443
528
628
194
799
306
190
399
386
643
650
348
343
594
672
567
105
339
366
521
356
367
292
290
711
9
426
695
668
535
2
740
735
176
273
679
100
471
531
33
324
42
154
564
299
281
68
460
474
759
509
219
724
419
357
162
57
654
479
662
647
701
614
253
266
66
776
651
36
392
540
691
602
268
574
700
1
115
632
547
177
116
361
781
20
279
418
59
131
402
467
260
680
775
145
313
639
113
630
725
568
526
617
82
130
752
477
482
257
220
158
125
702
3
716
344
297
41
551
559
478
697
272
578
53
48
43
623
244
447
333
52
721
619
385
91
489
560
138
86
620
625
199
396
398
374
481
480
282
139
224
157
463
561
232
553
346
582
271
295
201
96
61
675
35
269
450
325
254
355
664
108
777
726
6
203
778
376
549
44
732
123
502
496
768
247
763
606
699
405
495
774
599
585
548
773
572
277
303
522
603
518
12
783
62
406
431
609
576
234
705
448
404
19
640
372
742
641
17
611
127
95
133
565
626
34
533
504
316
677
575
657
293
569
331
240
200
717
288
302
311
39
756
473
236
38
102
32
746
336
428
174
155
395
590
793
629
722
146
440
307
164
31
263
612
555
744
401
309
696
246
552
49
615
77
8
792
678
191
229
298
415
98
0
228
508
637
197
729
646
686
642
251
81
379
256
117
532
214
748
161
616
72
63
595
570
365
511
65
536
558
442
412
216
258
152
787
770
784
393
126
539
512
429
349
75
301
439
274
56
78
413
580
494
321
223
745
4
159
694
83
368
93
712
74
391
318
754
464
165
761
608
21
64
798
312
296
501
753
354
692
671
766
382
185
527
114
88
128
445
579
150
634
231
79
22
622
18
262
119
238
60
222
89
111
670
416
530
151
503
275
305
122
452
205
432
29
187
87
703
7
112
597
213
226
178
736
403
543
184
710
104
563
520
459
390
491
291
181
593
769
636
653
598
546
690
142
397
107
51
534
383
605
264
741
660
156
50
600
554
407
545
70
242
780
362
99
322
656
669
682
454
785
765
73
243
510
144
571
90
507
433
215
796
267
11
289
54
581
208
466
46
381
69
488
747
103
411
364
421
148
334
284
789
335
557
106
437
351
202
341
456
743
709
472
323
276
556
794
449
315
661
137
347
141
140
538
196
84
750
542
394
493
621
613
524
186
369
169
588
719
684
723
332
153
506
85
101
225
586
370
566
308
734
733
23
562
265
451
179
180
424
587
237
485
188
227
189
462
436
698
458
689
498
360
80
97
788
377
490
434
658
337
465
772
71
358
359
136
685
755
674
655
388
241
601
255
28
631
683
16
589
26
505
475
749
500
760
278
517
455
183
287
58
134
499
